[
    [
        [
            28.921875,
            88.046875
        ],
        [
            34.94476318359375,
            88.72815704345703
        ],
        [
            41.02985382080078,
            88.6326904296875
        ],
        [
            47.10188293457031,
            88.19403839111328
        ],
        [
            53.185829162597656,
            88.013427734375
        ],
        [
            59.27324676513672,
            88.07646942138672
        ],
        [
            65.35700225830078,
            87.86064910888672
        ],
        [
            71.43511199951172,
            87.51388549804688
        ],
        [
            77.51742553710938,
            87.25267791748047
        ],
        [
            83.60102844238281,
            87.02228546142578
        ],
        [
            89.67781829833984,
            86.65644836425781
        ],
        [
            95.74092102050781,
            86.10770416259766
        ],
        [
            101.80762481689453,
            85.60214233398438
        ],
        [
            107.88909149169922,
            85.33137512207031
        ],
        [
            113.9749755859375,
            85.17546844482422
        ],
        [
            120.04924011230469,
            84.77587890625
        ],
        [
            126.09790802001953,
            84.08830261230469
        ],
        [
            132.1424102783203,
            83.36354064941406
        ],
        [
            138.21180725097656,
            82.89563751220703
        ],
        [
            144.29611206054688,
            82.69393157958984
        ],
        [
            150.3824462890625,
            82.55510711669922
        ],
        [
            156.46142578125,
            82.2284927368164
        ],
        [
            162.53067016601562,
            81.75225067138672
        ],
        [
            168.59747314453125,
            81.24490356445312
        ],
        [
            174.66690063476562,
            80.769775390625
        ],
        [
            180.7362518310547,
            80.29393768310547
        ],
        [
            186.8114471435547,
            79.89997100830078
        ],
        [
            192.89414978027344,
            79.65109252929688
        ],
        [
            198.9790496826172,
            79.45964813232422
        ],
        [
            205.05479431152344,
            79.07964324951172
        ],
        [
            211.11459350585938,
            78.49539184570312
        ],
        [
            217.18186950683594,
            77.99837493896484
        ],
        [
            223.26406860351562,
            77.7396240234375
        ],
        [
            229.34608459472656,
            77.47792053222656
        ],
        [
            235.40956115722656,
            76.93859100341797
        ],
        [
            241.46131896972656,
            76.27669525146484
        ],
        [
            247.53152465820312,
            75.81326293945312
        ],
        [
            253.6129608154297,
            75.53677368164062
        ],
        [
            259.7001647949219,
            75.53423309326172
        ],
        [
            265.7880859375,
            75.546875
        ],
        [
            271.87579345703125,
            75.5069351196289
        ],
        [
            277.94915771484375,
            75.81195068359375
        ]
    ],
    [
        [
            163.296875,
            89.296875
        ],
        [
            162.18507385253906,
            95.36044311523438
        ],
        [
            161.1168975830078,
            101.47881317138672
        ],
        [
            158.62477111816406,
            107.18648529052734
        ],
        [
            155.76739501953125,
            112.71478271484375
        ],
        [
            152.3478546142578,
            117.9222412109375
        ],
        [
            148.84693908691406,
            123.07621765136719
        ],
        [
            145.7077178955078,
            128.45419311523438
        ],
        [
            142.62054443359375,
            133.86495971679688
        ],
        [
            138.704345703125,
            138.70028686523438
        ],
        [
            134.50880432128906,
            143.3062744140625
        ],
        [
            130.33656311035156,
            147.93373107910156
        ],
        [
            126.19759368896484,
            152.59060668945312
        ],
        [
            121.7653579711914,
            156.9676513671875
        ],
        [
            117.06756591796875,
            161.0599822998047
        ],
        [
            112.1843032836914,
            164.92893981933594
        ],
        [
            107.36174011230469,
            168.87399291992188
        ],
        [
            102.63273620605469,
            172.93032836914062
        ],
        [
            98.03925323486328,
            177.13975524902344
        ],
        [
            93.48332214355469,
            181.38970947265625
        ],
        [
            88.71522521972656,
            185.3922576904297
        ],
        [
            83.49742889404297,
            188.79254150390625
        ],
        [
            78.56443786621094,
            192.59652709960938
        ],
        [
            73.86437225341797,
            196.68653869628906
        ],
        [
            69.17195129394531,
            200.7855224609375
        ],
        [
            64.44383239746094,
            204.84329223632812
        ]
    ],
    [
        [
            139.546875,
            137.421875
        ],
        [
            142.55421447753906,
            142.14430236816406
        ],
        [
            145.22206115722656,
            147.73828125
        ],
        [
            147.44171142578125,
            153.52783203125
        ],
        [
            149.3798370361328,
            159.41848754882812
        ],
        [
            151.34022521972656,
            165.30194091796875
        ],
        [
            153.30130004882812,
            171.18516540527344
        ],
        [
            155.2623748779297,
            177.06838989257812
        ],
        [
            157.2360076904297,
            182.94740295410156
        ],
        [
            159.1754608154297,
            188.83770751953125
        ],
        [
            161.01129150390625,
            194.76116943359375
        ],
        [
            162.91844177246094,
            200.66180419921875
        ],
        [
            164.90377807617188,
            206.53652954101562
        ],
        [
            166.50413513183594,
            212.52598571777344
        ],
        [
            167.84515380859375,
            218.58058166503906
        ],
        [
            169.14280700683594,
            224.6446075439453
        ],
        [
            170.57290649414062,
            230.67855834960938
        ],
        [
            171.66708374023438,
            236.78179931640625
        ],
        [
            172.34158325195312,
            242.9458465576172
        ],
        [
            172.66673278808594,
            249.13800048828125
        ],
        [
            172.708251953125,
            255.3386993408203
        ],
        [
            172.6770477294922,
            261.53997802734375
        ],
        [
            172.72715759277344,
            267.7412109375
        ],
        [
            172.5913543701172,
            273.94061279296875
        ],
        [
            172.17703247070312,
            280.12799072265625
        ],
        [
            171.93360900878906,
            286.3245544433594
        ],
        [
            171.7504425048828,
            292.5233154296875
        ],
        [
            171.58584594726562,
            298.72259521484375
        ]
    ],
    [
        [
            213.296875,
            153.671875
        ],
        [
            217.21298217773438,
            158.19583129882812
        ],
        [
            222.009033203125,
            162.12811279296875
        ],
        [
            226.9084014892578,
            165.9326934814453
        ],
        [
            231.7407684326172,
            169.82196044921875
        ],
        [
            236.68043518066406,
            173.5738525390625
        ],
        [
            241.65518188476562,
            177.2794189453125
        ],
        [
            246.6251220703125,
            180.99136352539062
        ]
    ],
    [
        [
            75.171875,
            227.421875
        ],
        [
            79.97509002685547,
            233.7089385986328
        ]
    ]
]