[
    [
        [
            16.596566646470933,
            19.35929989596025
        ],
        [
            26.471811697023725,
            20.90657960384263
        ],
        [
            36.43494352288202,
            21.751246321091955
        ],
        [
            46.426729324760785,
            22.136434502557876
        ],
        [
            56.424875871850816,
            22.038416031303754
        ],
        [
            66.39904057214018,
            21.32879484684095
        ],
        [
            76.3663633154073,
            20.52111144459576
        ],
        [
            86.33079003850254,
            19.67855331000932
        ],
        [
            96.29269696156912,
            18.80665000425566
        ],
        [
            106.25238156099932,
            17.909399960019172
        ],
        [
            116.20996632707228,
            16.989515462052935
        ],
        [
            126.16588872507079,
            16.05172988471635
        ],
        [
            136.12051622583232,
            15.10026914264084
        ],
        [
            146.0740588126926,
            14.137373058074104
        ],
        [
            156.02695395093446,
            13.16801998593391
        ],
        [
            165.97977909473104,
            12.19771323947731
        ],
        [
            175.9325167454711,
            11.226540311760857
        ],
        [
            185.88569186149385,
            10.260083259792495
        ],
        [
            195.83984689975,
            9.30357416835399
        ],
        [
            205.79520934218658,
            8.360031547896355
        ],
        [
            215.75207666519583,
            7.432123936644388
        ],
        [
            225.7110613201736,
            6.527270745793615
        ],
        [
            235.67242578628958,
            5.649120435802217
        ],
        [
            245.6365550329926,
            4.80294883798021
        ],
        [
            255.60376403528613,
            3.993760555162339
        ],
        [
            265.5743677681739,
            3.2278638367259163
        ],
        [
            275.5486462094368,
            2.511461940380414
        ],
        [
            285.52677434518796,
            1.850443148831701
        ],
        [
            295.50892716154044,
            1.2540554781572553
        ],
        [
            305.49520965016217,
            0.7303132923371152
        ],
        [
            315.4853768304947,
            0.2878696546642061
        ],
        [
            325.4807585969977,
            0
        ],
        [
            335.47817020241274,
            0.1689928387283146
        ],
        [
            345.45097876032554,
            0.887319582317943
        ],
        [
            355.37766097882474,
            2.09142527449022
        ]
    ],
    [
        [
            208.1103281143608,
            24.77213658324075
        ],
        [
            207.53884096758082,
            34.71403384427411
        ],
        [
            204.3291931852288,
            44.15827934895087
        ],
        [
            199.64805218057893,
            52.992007054320155
        ],
        [
            194.41563492521232,
            61.51252711584807
        ],
        [
            188.8103222628252,
            69.7930974697848
        ],
        [
            182.92237203055566,
            77.87540855757688
        ],
        [
            176.80498000678665,
            85.78562080313306
        ],
        [
            170.49226848357313,
            93.54093534137131
        ],
        [
            164.00726563339936,
            101.1528312613111
        ],
        [
            157.36685761617957,
            108.62956790749085
        ],
        [
            150.58294348760484,
            115.97637736469234
        ],
        [
            143.66471001861294,
            123.1968293496228
        ],
        [
            136.61950662595416,
            130.29349615814488
        ],
        [
            129.45249539996507,
            137.2671127319336
        ],
        [
            122.16817348375234,
            144.11811653627166
        ],
        [
            114.76977812040836,
            150.84577262948414
        ],
        [
            107.2599166030184,
            157.44878611433398
        ],
        [
            99.64067126632831,
            163.9252671407997
        ],
        [
            91.91375697424651,
            170.27287089496576
        ],
        [
            84.07985617261413,
            176.48797516429096
        ],
        [
            76.14063997881128,
            182.5679201598561
        ],
        [
            68.09592465741919,
            188.50759628715866
        ],
        [
            59.94686511678434,
            194.30332883782341
        ],
        [
            51.69365384163113,
            199.94972823956692
        ],
        [
            43.33622958681998,
            205.44066997843055
        ],
        [
            34.87523105166373,
            210.77053700018365
        ],
        [
            26.310815723664163,
            215.93266233391716
        ],
        [
            17.643254831296588,
            220.9196965628808
        ],
        [
            8.87273210997975,
            225.72327535086816
        ],
        [
            0,
            230.3352793422314
        ]
    ],
    [
        [
            172.55986939876453,
            73.48773676321046
        ],
        [
            178.15197060961242,
            81.64982401996578
        ],
        [
            179.25826781386627,
            91.5385867477557
        ],
        [
            179.2640773528213,
            101.5385881476446
        ],
        [
            179.26986939316498,
            111.5385895475335
        ],
        [
            179.27566143350862,
            121.5385734488111
        ],
        [
            179.2814534738523,
            131.53857484870002
        ],
        [
            179.28726301280733,
            141.53857624858892
        ],
        [
            179.29305505315097,
            151.53857764847783
        ],
        [
            179.29884709349466,
            161.53857904836673
        ],
        [
            179.30463913383835,
            171.53858044825563
        ],
        [
            179.3104486727933,
            181.53858184814453
        ],
        [
            179.316240713137,
            191.53858324803343
        ],
        [
            179.3220327534807,
            201.53858464792233
        ],
        [
            179.32784229243566,
            211.53855105058864
        ],
        [
            179.33363433277935,
            221.53858744770014
        ],
        [
            179.33942637312305,
            231.53855385036644
        ],
        [
            179.34521841346668,
            241.538590247478
        ],
        [
            179.3510279524217,
            251.53855665014424
        ],
        [
            179.3568199927654,
            261.53855805003315
        ],
        [
            179.36261203310903,
            271.53855944992205
        ],
        [
            179.36840407345272,
            281.53856084981095
        ],
        [
            179.37421361240774,
            291.53856224969985
        ],
        [
            179.38000565275138,
            301.5385636495888
        ],
        [
            179.38579769309507,
            311.5385650494777
        ],
        [
            179.39158973343876,
            321.5385664493666
        ],
        [
            179.39472198486328,
            331.5385678492555
        ],
        [
            179.39472198486328,
            341.53853425192176
        ],
        [
            179.39472198486328,
            351.5385706490333
        ]
    ],
    [
        [
            264.3947163853077,
            135.78132314419526
        ],
        [
            273.4157054796131,
            140.09196605157416
        ],
        [
            282.16641102362115,
            144.9296496330051
        ],
        [
            290.6893196455929,
            150.15900463139246
        ],
        [
            299.0115541930592,
            155.70252969724322
        ],
        [
            307.1499833273231,
            161.512646106405
        ],
        [
            315.1126214123647,
            167.5615660641172
        ],
        [
            322.9016382759864,
            173.83250840213321
        ],
        [
            330.51209930979877,
            180.31896363704578
        ],
        [
            337.9312655247679,
            187.02331157999305
        ],
        [
            345.1362837345228,
            193.95713631166234
        ],
        [
            352.08984689975,
            201.142906048976
        ],
        [
            358.7300449336341,
            208.6187327673676
        ],
        [
            364.94429177100506,
            216.45125117870646
        ],
        [
            370.51220990102223,
            224.75280236760415
        ]
    ]
]